ㄅㄚ,1,71.3107,72.0635,2,72.1995,72.9683,3,73.1043,73.7528,4,73.9138,74.7211,5,74.907,75.6508
ㄅㄛ,1,75.8821,76.6916,2,76.7959,77.4966,3,77.619,78.2676,4,78.4014,79.1519,5,79.3129,79.9229
ㄅㄞ,1,80.0952,80.8707,2,80.9796,81.6667,3,81.7868,82.4195,4,82.5737,83.2721
ㄅㄟ,1,83.4331,84.1814,2,84.2993,85.0249,3,85.161,85.8118,4,85.9819,86.746,5,86.9093,87.5488
ㄅㄠ,1,87.7211,88.4762,2,88.5896,89.2857,3,89.4036,89.9751,4,90.127,90.8209,5,90.9751,91.5193
ㄅㄢ,1,91.6712,92.3923,2,92.4943,93.1156,3,93.2358,93.8163,4,93.9819,94.6689
ㄅㄣ,1,94.8458,95.5692,2,95.7166,96.3855,3,96.5215,97.1474,4,97.3129,98.0159
ㄅㄤ,1,98.1882,98.9002,2,99.0181,99.6395,3,99.771,100.3288,4,100.4853,101.1429
ㄅㄥ,1,101.3129,102.034,2,102.1519,102.7687,3,102.8889,103.4286,4,103.5805,104.2063
ㄅㄧ,1,104.3515,105.0295,2,105.161,105.8186,3,105.9501,106.5556,4,106.7302,107.4694
ㄅㄧㄝ,1,107.6735,108.4082,2,108.4989,109.1361,3,109.2472,109.7846,4,109.9297,110.6825
ㄅㄧㄠ,1,110.873,111.6848,2,111.8141,112.5873,3,112.7392,113.4059,4,113.5873,114.3016
ㄅㄧㄢ,1,114.4717,115.2517,2,115.3719,116.102,3,116.2562,116.8934,4,117.0544,117.7914
ㄅㄧㄣ,1,117.9751,118.7234,2,118.8594,119.5556,3,119.6939,120.3084,4,120.4853,121.2608
ㄅㄧㄥ,1,121.4626,122.2517,2,122.3787,123.059,3,123.2154,123.7755,4,123.9478,124.5986
ㄅㄨ,1,124.7574,125.5238,2,125.6735,126.3855,3,126.5329,127.1769,4,127.3447,128.0363
ㄆㄚ,1,129.2971,130.0091,2,130.1406,130.8662,3,130.9977,131.6145,4,131.7596,132.4921
ㄆㄛ,1,132.6689,133.4036,2,133.5374,134.3039,3,134.4558,135.0952,4,135.2653,136.1066
ㄆㄞ,1,136.2948,137.0839,2,137.2041,137.9524,3,138.0839,138.6508,4,138.8186,139.5601
ㄆㄟ,1,139.7415,140.517,2,140.6463,141.3265,3,141.4467,142.0726,4,142.2222,142.9546
ㄆㄠ,1,143.1293,143.907,2,144.0295,144.7188,3,144.8481,145.4014,4,145.5533,146.3243
ㄆㄡ,1,146.5193,147.2562,2,147.3741,147.9841,3,148.1134,148.6576,4,148.805,149.5374
ㄆㄢ,1,149.7256,150.4898,2,150.6145,151.3039,3,151.4376,152.0249,4,152.1927,152.9161
ㄆㄣ,1,153.0771,153.7732,2,153.8912,154.5374,3,154.6825,155.2449,4,155.4127,156.0703
ㄆㄤ,1,156.2245,156.9569,2,157.0771,157.7506,3,157.898,158.4671,4,158.6281,159.3401
ㄆㄥ,1,159.5057,160.2834,2,160.4218,161.0952,3,161.2517,161.8639,4,162.0249,162.7551
ㄆㄧ,1,162.9252,163.6893,2,163.805,164.4286,3,164.5442,165.1474,4,165.2812,166.0385
ㄆㄧㄝ,1,166.229,166.9841,2,167.0703,167.7755,3,167.8707,168.3764,4,168.5011,169.2449
ㄆㄧㄠ,1,169.4263,170.2744,2,170.4014,171.102,3,171.2063,171.8345,4,171.9637,172.746
ㄆㄧㄢ,1,172.9116,173.6916,2,173.8254,174.5147,3,174.6576,175.2449,4,175.3968,176.1066
ㄆㄧㄣ,1,176.2766,177.0408,2,177.1859,177.8617,3,178.0023,178.619,4,178.7778,179.4694
ㄆㄧㄥ,1,179.6281,180.3651,2,180.4762,181.0975,3,181.2381,181.8458,4,181.9955,182.6984
ㄆㄨ,1,182.8594,183.6553,2,183.7868,184.4989,3,184.6349,185.2517,4,185.4082,186.1542
ㄇㄚ,1,188.0794,188.805,2,188.9297,189.6259,3,189.746,190.3333,4,190.4943,191.229,5,191.381,192
ㄇㄛ,1,192.1474,192.9252,2,193.034,193.7279,3,193.8503,194.4649,4,194.5941,195.4376,5,195.6531,196.2245
ㄇㄜ,1,197.5193,198.2313,2,198.356,199.0295,3,199.1519,199.7937,4,199.9388,200.8639,5,201.1315,201.8526
ㄇㄞ,1,202.0113,202.78,2,202.8934,203.542,3,203.6553,204.288,4,204.424,205.1451
ㄇㄟ,1,205.322,206.127,2,206.2449,206.9546,3,207.0748,207.7324,4,207.8889,208.6553,5,208.8231,209.4671
ㄇㄠ,1,209.6349,210.4399,2,210.5442,211.2449,3,211.3696,211.9252,4,212.0522,212.805
ㄇㄡ,1,212.9615,213.6939,2,213.8073,214.458,3,214.5896,215.2358,4,215.3946,216.0839
ㄇㄢ,1,216.2472,216.9909,2,217.1134,217.8299,3,217.9683,218.5941,4,218.7528,219.4807
ㄇㄣ,1,219.6349,220.4059,2,220.5193,221.195,3,221.3333,221.9478,4,222.0907,222.8095
ㄇㄤ,1,222.9751,223.746,2,223.8503,224.5306,3,224.6848,225.2971,4,225.458,226.161
ㄇㄥ,1,226.3107,227.0227,2,227.1383,227.7732,3,227.9161,228.5057,4,228.644,229.3197
ㄇㄧ,1,229.4762,230.2585,2,230.3651,231.0862,3,231.2245,231.8594,4,232.0091,232.6916
ㄇㄧㄝ,1,232.8299,233.6032,2,233.6871,234.4354,3,234.5556,235.1995,4,235.3288,235.9705
ㄇㄧㄠ,1,236.1043,236.898,2,237.0068,237.7279,3,237.8526,238.4535,4,238.6009,239.2993
ㄇㄧㄡ,1,239.4399,240.2585,2,240.356,241.0839,3,241.1973,241.805,4,241.9388,242.7143
ㄇㄧㄢ,1,242.8617,243.6621,2,243.7596,244.4467,3,244.5533,245.1973,4,245.3356,246.102
ㄇㄧㄣ,1,246.2517,247.0317,2,247.1519,247.8367,3,247.9773,248.6054,4,248.7596,249.5011
ㄇㄧㄥ,1,249.6599,250.4195,2,250.5397,251.2381,3,251.3787,252.0249,4,252.1905,252.9433
ㄇㄨ,1,253.102,253.907,2,254.0499,254.7846,3,254.9138,255.5896,4,255.7574,256.6032
ㄈㄚ,1,257.6327,258.424,2,258.5601,259.2993,3,259.449,260.1406,4,260.3311,261.1224
ㄈㄛ,1,261.2971,262.1224,2,262.263,262.9683,3,263.0998,263.737,4,263.898,264.5397
ㄈㄟ,1,264.6848,265.4195,2,265.5556,266.2653,3,266.4059,267.0431,4,267.2041,267.8912
ㄈㄡ,1,268.0544,268.8322,2,268.9637,269.7075,3,269.8753,270.5397,4,270.7029,271.4014
ㄈㄢ,1,271.5488,272.3084,2,272.449,273.1633,3,273.3243,273.941,4,274.1134,274.873
ㄈㄣ,1,279.7846,280.542,2,280.6916,281.39,3,281.5329,282.1474,4,282.3265,283.0227
ㄈㄤ,1,283.1769,283.9388,2,284.0454,284.7075,3,284.8458,285.4127,4,285.585,286.2472
ㄈㄥ,1,286.4036,287.1723,2,287.2948,287.9433,3,288.093,288.7098,4,288.8776,289.5714
ㄈㄨ,1,289.746,290.5102,2,290.6508,291.3741,3,291.5488,292.2222,4,292.4082,293.1497
ㄉㄚ,1,293.2971,294.0454,2,294.1905,294.9546,3,295.1043,295.8163,4,296.0091,296.7075
ㄉㄜ,1,296.8639,297.6553,2,297.7891,298.5125,3,298.6553,299.3379,4,299.517,300.2562
ㄉㄞ,1,300.4263,301.2132,2,301.3356,302.0612,3,302.2086,302.9161,4,303.1111,303.8095
ㄉㄟ,1,303.9637,304.7075,2,304.8299,305.576,3,305.7234,306.3741,4,306.5601,307.2562
ㄉㄠ,1,307.415,308.1859,2,308.3129,309.0635,3,309.1927,309.8141,4,309.9751,310.6735
ㄉㄡ,1,310.8209,311.576,2,311.6961,312.4104,3,312.5578,313.2313,4,313.4172,314.1519
ㄉㄢ,1,314.3129,315.0748,2,315.2063,315.9252,3,316.0658,316.6916,4,316.8707,317.5283
ㄉㄤ,1,317.6893,318.4603,2,318.5918,319.3061,3,319.4603,320.093,4,320.2766,320.9274
ㄉㄥ,1,321.0658,321.7982,2,321.9184,322.6236,3,322.7732,323.3764,4,323.5533,324.1995
ㄉㄧ,1,324.3447,325.0952,2,325.2358,325.966,3,326.1066,326.7347,4,326.9252,327.6327
ㄉㄧㄝ,1,327.8005,328.6077,2,328.746,329.5057,3,329.6508,330.2857,4,330.4626,331.1814
ㄉㄧㄠ,1,331.3356,332.1338,2,332.2494,332.9955,3,333.1247,333.7528,4,333.9229,334.6032
ㄉㄧㄡ,1,334.7438,335.5329,2,335.6689,336.4376,3,336.5873,337.2562,4,337.4308,338.1701
ㄉㄧㄢ,1,338.3197,339.0884,2,339.22,339.9252,3,340.068,340.6803,4,340.8322,341.4422
ㄉㄧㄥ,1,341.5692,342.2698,2,342.4104,343.1247,3,343.2789,343.9206,4,344.102,344.7868
ㄉㄨ,1,344.941,345.7188,2,345.8617,346.5964,3,346.7302,347.3537,4,347.5147,348.1791
ㄉㄨㄛ,1,348.3243,349.0771,2,349.1927,349.898,3,350.0249,350.6395,4,350.805,351.458
ㄉㄨㄟ,1,351.5941,352.3424,2,352.4717,353.1769,3,353.322,353.9456,4,354.1247,354.8753
ㄉㄨㄢ,1,355.0522,355.8571,2,355.9796,356.7347,3,356.8685,357.5147,4,357.6939,358.3946
ㄉㄨㄣ,1,358.542,359.3197,2,359.4671,360.161,3,360.3175,360.932,4,361.102,361.7959
ㄉㄨㄥ,1,361.9683,362.7574,2,362.9093,363.6372,3,363.8027,364.483,4,364.6848,365.39
ㄊㄚ,1,367.0454,367.8027,2,367.9524,368.6916,3,368.8299,369.5193,4,369.6939,370.4082
ㄊㄜ,1,370.5442,371.288,2,371.415,372.1882,3,372.3401,373.0159,4,373.1927,373.932
ㄊㄞ,1,374.0726,374.839,2,374.9909,375.8345,3,375.9887,376.7098,4,376.8798,377.6077
ㄊㄠ,1,377.7506,378.5442,2,378.6735,379.4921,3,379.6349,380.3651,4,380.5397,381.2925
ㄊㄡ,1,381.4512,382.2834,2,382.4263,383.2698,3,383.449,384.1134,4,384.2789,385.0272
ㄊㄢ,1,385.1701,385.9206,2,386.0748,386.8821,3,387.0408,387.6893,4,387.8549,388.5646
ㄊㄤ,1,388.7143,389.4717,2,389.6145,390.4286,3,390.5873,391.195,4,391.3878,392.1406
ㄊㄥ,1,392.3061,393.0839,2,393.22,393.9773,3,394.1474,394.8435,4,395.0249,395.6916
ㄊㄧ,1,395.8254,396.5805,2,396.7279,397.458,3,397.6122,398.2585,4,398.4308,399.127
ㄊㄧㄝ,1,399.2449,400.0249,2,400.1315,400.9683,3,401.0998,401.805,4,401.9705,402.7528
ㄊㄧㄠ,1,402.8866,403.7075,2,403.8526,404.6531,3,404.7982,405.4626,4,405.6372,406.3515
ㄊㄧㄢ,1,406.4671,407.2494,2,407.4104,408.1633,3,408.3129,409.0612,4,409.2449,409.9456
ㄊㄧㄥ,1,410.093,410.8844,2,411.0249,411.8163,3,411.9819,412.6576,4,412.8345,413.458
ㄊㄨ,1,413.5714,414.3084,2,414.424,415.2245,3,415.3605,416.0113,4,416.1814,416.9297
ㄊㄨㄛ,1,417.068,417.8277,2,417.9365,418.7052,3,418.8299,419.4875,4,419.6531,420.3605
ㄊㄨㄟ,1,420.517,421.3152,2,421.449,422.1973,3,422.3311,422.907,4,423.0612,423.7438
ㄊㄨㄢ,1,423.8594,424.5828,2,424.7143,425.4785,3,425.6213,426.254,4,426.415,427.068
ㄊㄨㄣ,1,427.2063,428.0023,2,428.1791,428.9138,3,429.0499,429.771,4,429.941,430.6213
ㄊㄨㄥ,1,430.7506,431.5556,2,431.6939,432.4898,3,432.6508,433.3129,4,433.4943,434.2132
ㄋㄚ,1,434.3469,435.1383,2,435.2766,436.0431,3,436.1973,436.8639,4,437.0431,437.7029
ㄋㄜ,1,437.8209,438.6168,2,438.7415,439.5079,3,439.644,440.2925,4,440.458,441.1791
ㄋㄞ,1,441.322,442.0907,2,442.2177,443.0068,3,443.1587,443.8594,4,444.0408,444.7528
ㄋㄟ,1,444.8912,445.7143,2,445.8617,446.6327,3,446.7664,447.4331,4,447.5918,448.3288
ㄋㄠ,1,448.4671,449.2721,2,449.4082,450.2494,3,450.4059,451.1406,4,451.3129,452.0952
ㄋㄡ,1,452.2449,453.0839,2,453.2177,454.0272,3,454.1565,454.8821,4,455.0431,455.8118
ㄋㄢ,1,455.9592,456.8005,2,456.9433,457.6803,3,457.7982,458.5147,4,458.6916,459.4263
ㄋㄣ,1,459.5601,460.4286,2,460.576,461.3605,3,461.5125,462.2268,4,462.415,463.1655
ㄋㄤ ,1,463.3107,464.1179,2,464.2608,465.1066,3,465.2698,465.9138,4,466.0884,466.8254
ㄋㄥ,1,466.9683,467.7438,2,467.907,468.6871,3,468.8481,469.6259,4,469.8209,470.5669
ㄋㄧ,1,470.7098,471.5601,2,471.7143,472.6032,3,472.7506,473.4807,4,473.6757,474.5125
ㄋㄧㄝ,1,474.6667,475.5442,2,475.6916,476.5102,3,476.6327,477.3946,4,477.5646,478.3673
ㄋㄧㄠ,1,478.5283,479.3764,2,479.517,480.4127,3,480.5828,481.2902,4,481.4671,482.2245
ㄋㄧㄡ,1,482.3719,483.1995,2,483.3492,484.1905,3,484.3469,485.0998,4,485.263,486.034
ㄋㄧㄢ,1,486.1655,487.0272,2,487.1814,488.0454,3,488.2245,489.0068,4,489.1723,489.9184
ㄋㄧㄣ,1,490.0476,490.9683,2,491.1383,491.9274,3,492.0975,492.9615,4,493.1587,493.9093
ㄋㄧㄥ,1,494.0612,494.941,2,495.1224,495.9683,3,496.1565,496.8912,4,497.0726,497.7438
ㄋㄧㄤ,1,497.8458,498.6757,2,498.8299,499.6644,3,499.8299,500.5692,4,500.7392,501.4943
ㄋㄨ,1,501.6417,502.4853,2,502.6259,503.458,3,503.6236,504.3764,4,504.5737,505.2744
ㄋㄨㄛ,1,505.4082,506.2902,2,506.4308,507.2834,3,507.4286,508.1837,4,508.3265,509.1202
ㄋㄨㄢ,1,512.8277,513.7937,2,513.9546,514.8254,3,514.9773,515.7574,4,515.9229,516.6848
ㄋㄨㄥ,1,516.8231,517.7143,2,517.8549,518.6961,3,518.8639,519.6349,4,519.839,520.5782
ㄋㄩ,1,520.7279,521.6281,2,521.7732,522.6531,3,522.8141,523.5896,4,523.771,524.4966
ㄋㄩㄝ,1,524.644,525.5011,2,525.6621,526.6032,3,526.7551,527.5896,4,527.7755,528.5351
ㄌㄚ,1,528.6825,529.4875,2,529.6372,530.4717,3,530.6621,531.3787,4,531.5692,532.4989,5,532.7188,533.4263
ㄌㄜ,1,533.585,534.4649,2,534.6145,535.4762,3,535.6531,536.3492,4,536.5351,537.3832,5,537.5828,538.2404
ㄌㄞ,1,538.4082,539.2177,2,539.3515,540.161,3,540.322,541.0068,4,541.1814,541.9615
ㄌㄟ,1,542.1088,542.9297,2,543.0771,543.8866,3,544.0544,544.7574,4,544.932,545.737
ㄌㄠ,1,545.898,546.7483,2,546.8957,547.712,3,547.8798,548.5828,4,548.7732,549.619,5,549.8095,550.5556
ㄌㄡ,1,550.7075,551.5147,2,551.6508,552.3968,3,552.5488,553.2562,4,553.4263,554.229,5,554.4172,555.0567
ㄌㄢ,1,555.2041,556.0317,2,556.1791,556.9546,3,557.1134,557.8481,4,558.0454,558.7551
ㄌㄤ,1,558.9116,559.6735,2,559.8073,560.6417,3,560.8027,561.5329,4,561.7347,562.517
ㄌㄥ,1,562.6961,563.551,2,563.6871,564.5533,3,564.7324,565.4014,4,565.5986,566.3152
ㄌㄧ,1,566.4649,567.2472,2,567.4036,568.1905,3,568.3605,568.966,4,569.1451,569.9229
ㄌㄧㄚ,1,570.0884,570.9637,2,571.0998,571.9705,3,572.1406,572.8798,4,573.068,573.9456
ㄌㄧㄝ,1,591.4989,592.39,2,592.5238,593.3084,3,593.4739,594.161,4,594.3175,595.1383
ㄌㄧㄠ,1,595.2902,596.1383,2,596.2698,597.034,3,597.1769,597.8753,4,598.0567,598.8095
ㄌㄧㄡ,1,598.9751,599.8186,2,599.941,600.7619,3,600.9184,601.6576,4,601.8549,602.5964
ㄌㄧㄢ,1,602.7574,603.5828,2,603.7166,604.5556,3,604.7234,605.4671,4,605.6644,606.3197
ㄌㄧㄣ,1,606.4512,607.3016,2,607.4331,608.2676,3,608.4263,609.1723,4,609.3605,610.0612
ㄌㄧㄤ,1,610.1837,610.9955,2,611.1315,611.9501,3,612.1156,612.8458,4,613.0385,613.7143
ㄌㄧㄥ,1,613.839,614.6576,2,614.7982,615.551,3,615.7166,616.3764,4,616.5737,617.2789
ㄌㄨ,1,617.4082,618.1973,2,618.3197,619.1723,3,619.3673,620.093,4,620.2766,620.9841
ㄌㄨㄛ,1,621.1111,621.9342,2,622.0748,622.8662,3,623.0204,623.7438,4,623.9365,624.6803
ㄌㄨㄢ,1,624.8141,625.6757,2,625.8073,626.5986,3,626.7732,627.4853,4,627.6667,628.3878
ㄌㄨㄣ,1,628.5261,629.3469,2,629.5079,630.2766,3,630.4354,631.1429,4,631.3356,632.0612
ㄌㄨㄥ,1,632.2063,633.0544,2,633.195,634.068,3,634.2472,635.0159,4,635.2154,635.9252
ㄌㄩ,1,636.0726,636.9093,2,637.0612,637.8141,3,637.9773,638.7392,4,638.9093,639.678
ㄌㄩㄝ,1,639.8254,640.7166,2,640.8844,641.7052,3,641.8776,642.576,4,642.7483,643.4649
ㄍㄚ,1,649.2653,650.0703,2,650.2313,651.1043,3,651.2902,652.0317,4,652.2336,652.907
ㄍㄜ,1,654.483,655.3061,2,655.4921,656.3197,3,656.5057,657.2449,4,657.4467,658.2857,5,658.4853,659.0794
ㄍㄞ,1,659.2245,659.9569,2,660.1111,660.9025,3,661.0726,661.746,4,661.9546,662.6281
ㄍㄟ,1,662.771,663.5057,2,663.6712,664.4308,3,664.6281,665.3855,4,665.5964,666.3515
ㄍㄠ,1,666.4989,667.2857,2,667.449,668.2426,3,668.4195,669.1156,4,669.3016,669.9909
ㄍㄡ,1,670.1361,670.9365,2,671.0907,671.8503,3,672.0204,672.746,4,672.9388,673.6644
ㄍㄢ,1,675.5329,676.5533,2,676.7619,677.6213,3,677.8277,679.1905,4,680.9796,681.5714
ㄍㄣ ,1,690.1973,690.9229,2,691.0975,691.8844,3,692.0612,692.7959,4,693.0068,693.6916
ㄍㄤ,1,693.8209,694.5782,2,694.7347,695.5238,3,695.7188,696.4127,4,696.6122,697.2834
ㄍㄥ,1,697.4059,698.1655,2,698.3333,699.1043,3,699.2948,700.059,4,700.263,700.9615
ㄍㄨ,1,701.102,701.9161,2,702.0884,702.9229,3,703.1315,703.9184,4,704.1179,704.7823
ㄍㄨㄚ,1,704.9048,705.6848,2,705.8481,706.6757,3,706.8549,707.6145,4,707.8277,708.5238
ㄍㄨㄛ,1,708.6463,709.4422,2,709.619,710.449,3,710.6281,711.3855,4,711.5737,712.2857
ㄍㄨㄞ,1,712.4195,713.1678,2,713.3197,714.0998,3,714.2744,715.0045,4,715.2154,715.9751
ㄍㄨㄟ,1,716.1338,716.907,2,717.0771,717.8571,3,718.0499,718.7868,4,719,719.6893
ㄍㄨㄢ,1,719.839,720.619,2,720.7891,721.6122,3,721.8027,722.5646,4,722.78,723.449
ㄍㄨㄣ,1,723.5873,724.381,2,724.5714,725.4762,3,725.6825,726.4943,4,726.737,727.4875
ㄍㄨㄤ,1,727.6644,728.4626,2,728.6576,729.5261,3,729.7438,730.5215,4,730.7574,731.4875
ㄍㄨㄥ,1,731.6349,732.4376,2,732.6236,733.449,3,733.6485,734.4739,4,734.7007,735.4558
ㄎㄚ,1,735.6168,736.4717,2,736.6508,737.551,3,737.7279,738.4649,4,738.6644,739.415
ㄎㄜ,1,739.5601,740.4082,2,740.5828,741.4671,3,741.644,742.483,4,742.6757,743.4717
ㄎㄞ,1,743.6236,744.5011,2,744.6599,745.5601,3,745.7279,746.5624,4,746.7574,747.5351
ㄎㄠ,1,747.6667,748.5079,2,748.6644,749.517,3,749.6871,750.4512,4,750.6576,751.4172
ㄎㄡ,1,751.551,752.4036,2,752.5714,753.4218,3,753.5986,754.415,4,754.6032,755.2766
ㄎㄢ,1,755.3878,756.1769,2,756.3424,757.2063,3,757.381,758.1474,4,758.3401,759.0726
ㄎㄣ,1,759.1973,759.9773,2,760.1655,760.9841,3,761.1451,761.9252,4,762.1361,762.8413
ㄎㄤ,1,762.966,763.7687,2,763.9252,764.7324,3,764.9093,765.7029,4,765.9093,766.7052
ㄎㄥ,1,766.8594,767.6961,2,767.8549,768.746,3,768.9048,769.6327,4,769.8322,770.5782
ㄎㄨ,1,770.6961,771.4807,2,771.6304,772.5215,3,772.7007,773.4717,4,773.6531,774.3946
ㄎㄨㄚ,1,774.5238,775.3197,2,775.4558,776.3673,3,776.542,777.3175,4,777.5102,778.3333
ㄎㄨㄛ,1,778.4785,779.3175,2,779.4422,780.3061,3,780.4444,781.2222,4,781.381,782.0975
ㄎㄨㄞ,1,782.229,783.059,2,783.2063,784.0952,3,784.2381,785.0113,4,785.1814,785.9524
ㄎㄨㄡ,1,786.0884,786.9365,2,787.0907,787.9864,3,788.161,788.8413,4,789.0045,789.6893
ㄎㄨㄟ,1,789.8073,790.5828,2,790.7256,791.5329,3,791.678,792.4966,4,792.6803,793.4535
ㄎㄨㄢ,1,793.5941,794.3673,2,794.5011,795.3084,3,795.4558,796.2268,4,796.4127,797.1134
ㄎㄨㄣ,1,797.2313,797.9864,2,798.1406,798.9501,3,799.1156,799.8639,4,800.0454,800.8005
ㄎㄨㄤ,1,800.9524,801.7846,2,801.932,802.7596,3,802.9229,803.7029,4,803.8821,804.6304
ㄎㄨㄥ,1,804.7687,805.6032,2,805.7506,806.6145,3,806.7891,807.5351,4,807.7188,808.4626
ㄏㄚ,1,808.6009,809.4172,2,809.5782,810.449,3,810.6168,811.3719,4,811.5692,812.9524
ㄏㄜ,1,816.0476,816.9365,2,817.0771,818.0091,3,818.2018,818.9887,4,819.1973,819.9002
ㄏㄞ,1,820.0317,820.7642,2,820.9093,821.7007,3,821.8685,822.619,4,822.8163,823.5601
ㄏㄟ,1,823.6825,824.4444,2,824.5896,825.3878,3,825.5351,826.3129,4,826.4989,827.2336
ㄏㄠ,1,827.3741,828.2041,2,828.356,829.1678,3,829.3333,830.0454,4,830.2245,830.9456
ㄏㄡ,1,831.0612,831.873,2,832.034,832.8549,3,833.0431,833.771,4,833.9546,834.6553
ㄏㄢ,1,834.7778,835.6395,2,835.8118,836.7166,3,836.898,837.6984,4,837.932,838.6939
ㄏㄣ,1,838.8209,839.6213,2,839.7823,840.6803,3,840.8503,841.6553,4,841.8776,842.6213
ㄏㄤ,1,842.7642,843.6168,2,843.8073,844.6621,3,844.8662,845.6145,4,845.8254,846.6372
ㄏㄥ,1,846.7982,847.6621,2,847.8481,848.7664,3,848.9456,849.7732,4,849.9909,850.7528
ㄏㄨ,1,850.9138,851.7732,2,851.9524,852.873,3,853.0476,853.8549,4,854.0431,854.8254
ㄏㄨㄚ,1,854.966,855.8345,2,856.0136,856.8435,3,857.0159,857.7438,4,857.9478,858.7438
ㄏㄨㄛ,1,858.8707,859.7347,2,859.9025,860.7732,3,860.9569,861.7551,4,861.9524,862.6032
ㄏㄨㄞ,1,862.7098,863.6032,2,863.7687,864.6644,3,864.8367,865.6304,4,865.8413,866.5646
ㄏㄨㄟ,1,866.6961,867.5828,2,867.7415,868.6553,3,868.8617,869.6644,4,869.8798,870.5805
ㄏㄨㄢ,1,870.7075,871.6054,2,871.7823,872.6032,3,872.7891,873.6145,4,873.8277,874.5215
ㄏㄨㄣ,1,874.6667,875.5782,2,875.7664,876.6417,3,876.8594,877.6893,4,877.9116,878.5986
ㄏㄨㄤ,1,878.7483,879.6168,2,879.7937,880.7188,3,880.9002,881.6236,4,881.8367,882.5306
ㄏㄨㄥ,1,882.6508,883.4444,2,883.6327,884.5488,3,884.7732,885.5828,4,885.8095,886.5329
ㄐㄧ,1,886.6689,887.5601,2,887.7483,888.6667,3,888.8458,889.6667,4,889.8889,890.6485
ㄐㄧㄚ,1,890.7982,891.7075,2,891.8821,892.7574,3,892.9546,893.8254,4,894.0658,894.8662
ㄐㄧㄝ,1,895.0295,895.9388,2,896.0975,897.0204,3,897.2063,898.0431,4,898.2472,899.0204
ㄐㄧㄠ,1,899.1746,900.0295,2,900.1859,901.1134,3,901.3084,902.0816,4,902.288,903.0658
ㄐㄧㄡ,1,907.2721,908.1202,2,908.3039,909.1701,3,909.3605,910.2132,4,910.4354,911.2222
ㄐㄧㄢ,1,911.3878,912.2268,2,912.4263,913.3651,3,913.576,914.4331,4,914.6712,915.4853
ㄐㄧㄣ,1,915.6463,916.4603,2,916.644,917.4921,3,917.7256,918.5714,4,918.8118,919.5692
ㄐㄧㄤ,1,919.7007,920.5533,2,920.7596,921.6281,3,921.8367,922.6485,4,922.8798,923.6372
ㄐㄧㄥ,1,923.7914,924.61,2,924.8367,925.839,3,926.0476,926.8821,4,927.1315,927.8707
ㄐㄩ,1,928.0068,928.8118,2,928.9887,929.9025,3,930.0862,930.9342,4,931.1565,931.9025
ㄐㄩㄝ,1,932.0544,932.9592,2,933.1338,934.068,3,934.2449,935.0476,4,935.2494,936.0499
ㄐㄩㄢ,1,936.2018,937.0385,2,937.2109,938.102,3,938.2948,939.0975,4,939.2993,940.0522
ㄐㄩㄣ,1,940.1995,941.0907,2,941.2902,942.2063,3,942.4127,943.2381,4,943.4853,944.2562
ㄐㄩㄥ,1,944.4127,945.2585,2,945.4467,946.3537,3,946.5601,947.39,4,947.6145,948.381
ㄑㄧ,1,948.5351,949.3968,2,949.5488,950.4739,3,950.6576,951.517,4,951.7166,952.5215
ㄑㄧㄚ,1,952.6576,953.5397,2,953.6961,954.5533,3,954.7256,955.5669,4,955.7574,956.5918
ㄑㄧㄝ,1,956.7619,957.6916,2,957.8186,958.7324,3,958.9048,959.7279,4,959.9206,960.7687
ㄑㄧㄠ,1,960.9206,961.8299,2,961.9796,962.9048,3,963.0635,963.8776,4,964.0794,964.9184
ㄑㄧㄡ,1,965.0612,965.9683,2,966.1179,967.0068,3,967.1837,968.0295,4,968.229,969.0635
ㄑㄧㄢ,1,969.1995,970.068,2,970.2517,971.2018,3,971.3946,972.2902,4,972.5238,973.3175
ㄑㄧㄣ,1,973.4603,974.2744,2,974.4444,975.3288,3,975.4989,976.3129,4,976.5238,977.2494
ㄑㄧㄤ,1,977.3673,978.1769,2,978.3583,979.3243,3,979.4966,980.3243,4,980.5351,981.3107
ㄑㄧㄥ,1,981.4535,982.2834,2,982.4331,983.3084,3,983.4853,984.2902,4,984.483,985.2336
ㄑㄩ,1,985.3719,986.2245,2,986.3832,987.3175,3,987.5193,988.4263,4,988.6485,989.4218
ㄑㄩㄝ,1,989.5533,990.4308,2,990.585,991.5306,3,991.7052,992.542,4,992.7347,993.5918
ㄑㄩㄢ,1,993.737,994.6168,2,994.7937,995.7642,3,995.9297,996.8073,4,997.0045,997.8186
ㄑㄩㄣ,1,997.9478,998.8503,2,999.0522,1000.0136,3,1000.195,1001.0907,4,1001.3084,1002.0907
ㄑㄩㄥ,1,1002.229,1003.1338,2,1003.3311,1004.3175,3,1004.4989,1005.3968,4,1005.6054,1006.4558
ㄒㄧ,1,1006.6032,1007.5215,2,1007.6871,1008.6168,3,1008.805,1009.6757,4,1009.8707,1010.7029
ㄒㄧㄚ,1,1010.8526,1011.7868,2,1011.9592,1012.9161,3,1013.0998,1013.9592,4,1014.1519,1014.9365
ㄒㄧㄝ,1,1015.0499,1016.0295,2,1016.2063,1017.1542,3,1017.3447,1018.2177,4,1018.4104,1019.2925
ㄒㄧㄠ,1,1019.4354,1020.3923,2,1020.5465,1021.5057,3,1021.6463,1022.5646,4,1022.78,1023.6712
ㄒㄧㄡ,1,1023.7937,1024.8594,2,1025.0431,1025.9637,3,1026.1134,1026.9274,4,1027.093,1027.9433
ㄒㄧㄢ,1,1028.0839,1028.9161,2,1029.0771,1030.0839,3,1030.2744,1031.102,4,1031.2971,1032.093
ㄒㄧㄣ,1,1032.2245,1033.1111,2,1033.2789,1034.1791,3,1034.381,1035.1927,4,1035.4082,1036.1859
ㄒㄧㄤ,1,1036.3152,1037.2268,2,1037.4036,1038.356,3,1038.5442,1039.3265,4,1039.5351,1040.2902
ㄒㄧㄥ,1,1040.4331,1041.3061,2,1041.4649,1042.4263,3,1042.5964,1043.4467,4,1043.6531,1044.5011
ㄒㄩ,1,1044.6281,1045.5306,2,1045.6939,1046.6281,3,1046.7868,1047.6848,4,1047.9116,1048.7347
ㄒㄩㄝ,1,1048.8776,1049.8277,2,1049.9864,1050.9592,3,1051.1338,1051.9796,4,1052.1519,1053.0068
ㄒㄩㄢ,1,1053.1451,1054.093,2,1054.2744,1055.22,3,1055.4104,1056.3243,4,1056.5374,1057.322
ㄒㄩㄣ,1,1057.4626,1058.3855,2,1058.5714,1059.4762,3,1059.6803,1060.5646,4,1060.7687,1061.5873
ㄒㄩㄥ,1,1061.7302,1062.6621,2,1062.8526,1063.805,3,1064.0045,1064.8798,4,1065.0952,1065.9456
ㄓ ,1,1066.093,1066.9615,2,1067.1587,1068.102,3,1068.2948,1069.1927,4,1069.424,1070.2177
ㄓㄚ,1,1070.39,1071.2744,2,1071.4807,1072.3764,3,1072.5669,1073.3787,4,1073.6054,1074.3583
ㄓㄜ,1,1074.5193,1075.4082,2,1075.5828,1076.4807,3,1076.6735,1077.5011,4,1077.7279,1078.5125,5,1078.6689,1079.229
ㄓㄞ,1,1079.3878,1080.2245,2,1080.3923,1081.263,3,1081.449,1082.22,4,1082.4512,1083.1202
ㄓㄝ,1,1088.7528,1089.7256,2,1089.9297,1090.9025,3,1091.1224,1092.0476,4,1092.2971,1093.2132
ㄓㄠ,1,1094.8254,1095.644,2,1095.8118,1096.7188,3,1096.9025,1097.7324,4,1097.9569,1098.746
ㄓㄡ,1,1098.9093,1099.7438,2,1099.932,1100.8481,3,1101.0544,1101.8707,4,1102.0975,1102.8753
ㄓㄢ,1,1103.0499,1103.8617,2,1104.0567,1104.8639,3,1105.0703,1105.8458,4,1106.0703,1106.7732
ㄓㄣ,1,1106.9297,1107.746,2,1107.9274,1108.7687,3,1108.9705,1109.7347,4,1109.9501,1110.6599
ㄓㄤ,1,1110.805,1111.6213,2,1111.7937,1112.6259,3,1112.8299,1113.6417,4,1113.8844,1114.6213
ㄓㄥ,1,1114.7846,1115.6032,2,1115.7868,1116.6576,3,1116.8617,1117.6689,4,1117.9002,1118.6145
ㄓㄨ,1,1118.7619,1119.6281,2,1119.8073,1120.6553,3,1120.8844,1121.6961,4,1121.9274,1122.6576
ㄓㄨㄚ,1,1122.8141,1123.6485,2,1123.8277,1124.6893,3,1124.8798,1125.6871,4,1125.9048,1126.6395
ㄓㄨㄛ,1,1126.7937,1127.6916,2,1127.873,1128.7551,3,1128.9365,1129.7211,4,1129.9229,1130.6916
ㄓㄨㄞ,1,1130.8526,1131.7098,2,1131.8912,1132.8141,3,1132.9932,1133.7914,4,1134.0113,1134.7687
ㄓㄨㄟ,1,1134.9252,1135.8073,2,1135.9909,1136.907,3,1137.0862,1137.9048,4,1138.127,1138.9252
ㄓㄨㄢ,1,1139.1066,1139.9841,2,1140.1542,1141.0816,3,1141.2744,1142.127,4,1142.3719,1143.1995
ㄓㄨㄣ,1,1143.3991,1144.2925,2,1144.4807,1145.3968,3,1145.6054,1146.424,4,1146.6689,1147.424
ㄓㄨㄤ,1,1147.6009,1148.5057,2,1148.7052,1149.6327,3,1149.8435,1150.6508,4,1150.8957,1151.6689
ㄓㄨㄥ,1,1151.8413,1152.7392,2,1152.932,1153.8776,3,1154.1134,1154.941,4,1155.1905,1155.9796
ㄔ,1,1156.1497,1157.0748,2,1157.2426,1158.1746,3,1158.3492,1159.2268,4,1159.4399,1160.2608
ㄔㄚ,1,1160.4082,1161.2902,2,1161.4671,1162.4286,3,1162.6236,1163.4399,4,1163.6485,1164.4059
ㄔㄜ,1,1164.5669,1165.5147,2,1165.6848,1166.6395,3,1166.8209,1167.6893,4,1167.8798,1168.7528
ㄔㄞ,1,1168.9252,1169.8141,2,1169.9751,1170.9388,3,1171.0862,1171.9025,4,1172.0907,1172.8413
ㄔㄠ,1,1172.9841,1173.8889,2,1174.0363,1175.0068,3,1175.1723,1176.0317,4,1176.2404,1177.1111
ㄔㄡ,1,1177.2789,1178.2018,2,1178.3628,1179.2698,3,1179.4444,1180.3175,4,1180.5057,1181.3991
ㄔㄢ,1,1181.5669,1182.4717,2,1182.6372,1183.5578,3,1183.7596,1184.6304,4,1184.8481,1185.6735
ㄔㄣ,1,1185.8458,1186.737,2,1186.9093,1187.7868,3,1187.9841,1188.8186,4,1189.0295,1189.8141
ㄔㄤ,1,1189.9728,1190.8526,2,1191.0204,1191.9161,3,1192.102,1192.9184,4,1193.1315,1193.8753
ㄔㄥ,1,1194.0068,1194.8299,2,1195.0227,1195.9229,3,1196.0771,1196.9048,4,1197.1134,1197.9274
ㄔㄨ,1,1198.0839,1198.9478,2,1199.102,1199.9909,3,1200.1542,1200.9524,4,1201.1655,1202.0363
ㄔㄨㄞ,1,1202.22,1203.1224,2,1203.2721,1204.22,3,1204.3832,1205.2653,4,1205.458,1206.2698
ㄔㄨㄟ,1,1206.4218,1207.2812,2,1207.4308,1208.3492,3,1208.517,1209.39,4,1209.5782,1210.3991
ㄔㄨㄢ,1,1210.542,1211.3356,2,1211.4966,1212.4263,3,1212.6168,1213.4558,4,1213.6644,1214.4535
ㄔㄨㄣ,1,1214.6032,1215.4603,2,1215.6417,1216.5624,3,1216.7415,1217.5578,4,1217.7483,1218.5828
ㄔㄨㄤ,1,1218.7619,1219.6871,2,1219.8594,1220.7642,3,1220.9365,1221.7528,4,1221.9501,1222.7324
ㄔㄨㄥ,1,1222.8889,1223.7574,2,1223.9388,1224.9002,3,1225.0658,1225.8866,4,1226.0839,1226.8345
ㄕ,1,1226.9773,1227.8798,2,1228.034,1228.9864,3,1229.1587,1229.9637,4,1230.1451,1230.9342
ㄕㄚ,1,1231.0658,1231.9433,2,1232.1224,1233.0272,3,1233.2018,1234.0317,4,1234.2426,1234.9728
ㄕㄜ,1,1235.1111,1236.0748,2,1236.2245,1237.1746,3,1237.3243,1238.2109,4,1238.3968,1239.3991,5,1239.61,1240.356
ㄕㄞ,1,1240.517,1241.458,2,1241.6327,1242.619,3,1242.8231,1243.6463,4,1243.873,1244.619
ㄕㄟ,1,1244.7619,1245.7188,2,1245.8617,1246.839,3,1246.9932,1247.8277,4,1248.0091,1248.8413
ㄕㄠ,1,1248.9796,1249.9342,2,1250.0771,1251.0703,3,1251.229,1252.0522,4,1252.2381,1253.0771
ㄕㄡ,1,1253.22,1254.1701,2,1254.3243,1255.3651,3,1255.5351,1256.4308,4,1256.6213,1257.5193
ㄕㄢ,1,1257.6667,1258.5034,2,1258.6848,1259.5351,3,1259.7234,1260.619,4,1260.8277,1261.6077
ㄕㄣ,1,1261.7596,1262.6961,2,1262.8798,1263.7914,3,1263.9728,1264.873,4,1265.0703,1265.9569
ㄕㄤ,1,1266.1202,1267.0113,2,1267.1905,1268.2313,3,1268.3855,1269.2494,4,1269.449,1270.263
ㄕㄥ,1,1270.4014,1271.3311,2,1271.4853,1272.4989,3,1272.6644,1273.5669,4,1273.7937,1274.5329
ㄕㄨ,1,1274.678,1275.6054,2,1275.7891,1276.7982,3,1276.9705,1277.7891,4,1277.9841,1278.8095
ㄕㄨㄞ,1,1278.9501,1279.8481,2,1280.0068,1281.0023,3,1281.161,1282.0363,4,1282.2404,1283.1497
ㄕㄨㄚ,1,1283.3243,1284.22,2,1284.3923,1285.2313,3,1285.39,1286.2517,4,1286.4717,1287.2426
ㄕㄨㄛ,1,1287.3787,1288.2562,2,1288.4195,1289.3288,3,1289.5057,1290.2154,4,1290.4104,1291.2041
ㄕㄨㄟ,1,1291.3583,1292.3696,2,1292.5215,1293.5397,3,1293.6984,1294.517,4,1294.7188,1295.5646
ㄕㄨㄢ,1,1295.7234,1296.5828,2,1296.746,1297.7098,3,1297.8912,1298.771,4,1298.9728,1299.7642
ㄕㄨㄣ,1,1299.9002,1300.7778,2,1300.9456,1301.8481,3,1302.0454,1302.932,4,1303.1542,1303.9728
ㄕㄨㄤ,1,1304.1338,1305.0748,2,1305.2812,1306.1088,3,1306.3129,1307.1678,4,1307.3583,1308.1905
ㄖ,1,1308.3356,1309.2676,2,1309.4422,1310.4263,3,1310.6395,1311.4172,4,1311.6168,1312.3447
ㄖㄜ,1,1312.4762,1313.39,2,1313.5692,1314.4286,3,1314.6032,1315.4467,4,1315.6349,1316.4082
ㄖㄠ,1,1316.542,1317.4717,2,1317.6531,1318.4898,3,1318.6644,1319.5034,4,1319.6939,1320.5147
ㄖㄡ,1,1320.6644,1321.5601,2,1321.7302,1322.6871,3,1322.9002,1323.6848,4,1323.8957,1324.6939
ㄖㄢ,1,1324.8481,1325.7347,2,1325.898,1326.8345,3,1327.034,1327.7755,4,1327.9592,1328.7347
ㄖㄣ,1,1328.8776,1329.6735,2,1329.8277,1330.7551,3,1330.9751,1331.7211,4,1331.9138,1332.6508
ㄖㄤ,1,1332.7664,1333.6213,2,1333.8005,1334.737,3,1334.9478,1335.7506,4,1335.9751,1336.6485
ㄖㄨ,1,1336.7755,1337.6009,2,1337.7642,1338.6349,3,1338.8141,1339.6259,4,1339.8118,1340.5488
ㄖㄨㄛ,1,1340.6984,1341.6122,2,1341.7574,1342.7324,3,1342.9184,1343.6735,4,1343.8685,1344.6576
ㄖㄨㄟ,1,1344.8005,1345.6984,2,1345.8345,1346.7166,3,1346.8844,1347.6871,4,1347.873,1348.7166
ㄖㄨㄢ,1,1348.8571,1349.8141,2,1349.9955,1350.9184,3,1351.1429,1351.9524,4,1352.1701,1352.9433
ㄖㄨㄣ,1,1353.1043,1353.9184,2,1354.0907,1354.9274,3,1355.093,1355.8753,4,1356.0612,1356.8435
ㄖㄨㄥ,1,1356.9819,1357.8209,2,1357.9683,1358.8186,3,1358.9977,1359.8526,4,1360.0658,1360.8231
ㄗ,1,1360.9932,1361.8957,2,1362.0975,1363.0113,3,1363.2313,1364.1451,4,1364.3923,1365.1655
ㄗㄚ,1,1365.3265,1366.1497,2,1366.3447,1367.229,3,1367.4422,1368.2585,4,1368.4853,1369.1882
ㄗㄜ,1,1369.3356,1370.1361,2,1370.3265,1371.254,3,1371.4558,1372.3084,4,1372.5397,1373.3039
ㄗㄞ,1,1373.4898,1374.3696,2,1374.5669,1375.458,3,1375.6599,1376.4739,4,1376.7166,1377.4603
ㄗㄟ,1,1377.6213,1378.5238,2,1378.7347,1379.6576,3,1379.8776,1380.6803,4,1380.9116,1381.6327
ㄗㄠ,1,1381.7891,1382.6304,2,1382.8209,1383.7211,3,1383.9206,1384.7302,4,1384.9388,1385.7007
ㄗㄡ,1,1385.8639,1386.7098,2,1386.9025,1387.7687,3,1387.9773,1388.8231,4,1389.0544,1389.805
ㄗㄢ,1,1389.9683,1390.8367,2,1391.0295,1391.9116,3,1392.1111,1392.9138,4,1393.1497,1393.8617
ㄗㄣ,1,1394.0204,1394.8367,2,1395.0227,1395.9002,3,1396.1179,1396.9365,4,1397.1882,1397.9501
ㄗㄤ,1,1398.1156,1398.8889,2,1399.0839,1399.9955,3,1400.2222,1401.0159,4,1401.263,1401.941
ㄗㄥ,1,1402.0975,1402.8798,2,1403.0907,1403.9932,3,1404.22,1405.0295,4,1405.288,1405.9819
ㄗㄨ,1,1406.1202,1406.9161,2,1407.0952,1407.9592,3,1408.1791,1409.0839,4,1409.3356,1410.1542
ㄗㄨㄛ,1,1410.3447,1411.2268,2,1411.415,1412.3787,3,1412.5873,1413.4104,4,1413.6349,1414.4308
ㄗㄨㄟ,1,1414.6145,1415.4671,2,1415.6667,1416.551,3,1416.7755,1417.5737,4,1417.8073,1418.5828
ㄗㄨㄢ,1,1418.746,1419.5964,2,1419.7868,1420.6689,3,1420.9025,1421.7732,4,1422.0272,1422.7574
ㄗㄨㄣ,1,1422.9229,1423.7846,2,1424.0045,1424.839,3,1425.0272,1425.8367,4,1426.0748,1426.8662
ㄗㄨㄥ,1,1427.034,1427.8571,2,1428.059,1428.9615,3,1429.2063,1430.0431,4,1430.2857,1431.0385
ㄘ,1,1431.2063,1432.1927,2,1432.4036,1433.3696,3,1433.5556,1434.4762,4,1434.7166,1435.5465
ㄘㄚ,1,1435.6984,1436.5465,2,1436.712,1437.6508,3,1437.8413,1438.6848,4,1438.8957,1439.5873
ㄘㄜ,1,1439.7166,1440.5805,2,1440.737,1441.6531,3,1441.8322,1442.6984,4,1442.9093,1443.7211
ㄘㄞ,1,1443.873,1444.7619,2,1444.9456,1445.8662,3,1446.0544,1446.8163,4,1447.0295,1447.8526
ㄘㄠ,1,1448.0249,1448.9093,2,1449.0794,1450.0068,3,1450.1927,1450.9751,4,1451.1927,1451.9977
ㄘㄡ,1,1452.1338,1453.0045,2,1453.1769,1454.068,3,1454.2585,1455.0975,4,1455.3265,1456.0862
ㄘㄢ,1,1456.2404,1457.1179,2,1457.3039,1458.2018,3,1458.3923,1459.2812,4,1459.5057,1460.288
ㄘㄣ,1,1460.4467,1461.3061,2,1461.4807,1462.3197,3,1462.5079,1463.3492,4,1463.5669,1464.3537
ㄘㄤ,1,1464.5102,1465.3968,2,1465.5692,1466.483,3,1466.6916,1467.4308,4,1467.6417,1468.4218
ㄘㄥ,1,1468.5828,1469.424,2,1469.5896,1470.4739,3,1470.6621,1471.4649,4,1471.6621,1472.4444
ㄘㄨ,1,1472.6145,1473.5215,2,1473.6803,1474.551,3,1474.746,1475.5964,4,1475.7959,1476.6281
ㄘㄨㄛ,1,1476.8005,1477.6939,2,1477.8209,1478.7302,3,1478.9025,1479.6825,4,1479.873,1480.7098
ㄘㄨㄟ,1,1480.8617,1481.7868,2,1481.941,1482.8594,3,1483.0408,1483.8685,4,1484.0816,1484.8549
ㄘㄨㄢ,1,1485.0023,1485.898,2,1486.0703,1486.9252,3,1487.1066,1487.9184,4,1488.1383,1488.9274
ㄘㄨㄣ,1,1489.0816,1489.9274,2,1490.1043,1490.966,3,1491.1474,1491.941,4,1492.1406,1492.9002
ㄘㄨㄥ,1,1493.0544,1493.9433,2,1494.1429,1495.0476,3,1495.2018,1495.9909,4,1496.2132,1497.0295
ㄙ,1,1497.2086,1498.2313,2,1498.4195,1499.2472,3,1499.4036,1500.2041,4,1500.4014,1501.3243
ㄙㄚ,1,1501.4898,1502.322,2,1502.4989,1503.3537,3,1503.5261,1504.3265,4,1504.5465,1505.2812
ㄙㄟ,1,1505.4444,1506.2653,2,1506.4603,1507.3469,3,1507.5533,1508.3243,4,1508.5306,1509.2902
ㄙㄜ,1,1509.4626,1510.3515,2,1510.5215,1511.4444,3,1511.6463,1512.4535,4,1512.6757,1513.4943
ㄙㄞ,1,1513.6621,1514.5828,2,1514.78,1515.6893,3,1515.9093,1516.7029,4,1516.9229,1517.8503
ㄙㄠ,1,1518.0431,1518.9116,2,1519.0975,1519.9569,3,1520.1451,1520.9546,4,1521.1655,1522.0385
ㄙㄡ,1,1522.2313,1523.1406,2,1523.3447,1524.1927,3,1524.3923,1525.3401,4,1525.5941,1526.4014
ㄙㄢ,1,1526.5692,1527.4354,2,1527.6259,1528.3991,3,1528.5556,1529.4286,4,1529.6576,1530.4036
ㄙㄣ,1,1530.5692,1531.3923,2,1531.5896,1532.4467,3,1532.6531,1533.5147,4,1533.7574,1534.5125
ㄙㄤ,1,1534.6916,1535.5193,2,1535.7188,1536.585,3,1536.7914,1537.6485,4,1537.8912,1538.7211
ㄙㄥ,1,1538.9342,1539.7982,2,1539.9909,1540.8957,3,1541.1156,1541.9909,4,1542.2517,1543.0884
ㄙㄨ,1,1543.2857,1544.2834,2,1544.4785,1545.3333,3,1545.5465,1546.3741,4,1546.6168,1547.39
ㄙㄨㄛ,1,1547.5488,1548.5488,2,1548.746,1549.6553,3,1549.839,1550.7211,4,1550.9365,1551.746
ㄙㄨㄟ,1,1551.9116,1552.9252,2,1553.1179,1553.9909,3,1554.2086,1554.9864,4,1555.1973,1556.0091
ㄙㄨㄢ,1,1556.1655,1557.0476,2,1557.2336,1558.1361,3,1558.3175,1559.1383,4,1559.3401,1560.2041
ㄙㄨㄣ,1,1560.3764,1561.2653,2,1561.4717,1562.3447,3,1562.5669,1563.3288,4,1563.5193,1564.3719
ㄙㄨㄥ,1,1564.5624,1565.3968,2,1565.5782,1566.4694,3,1566.6961,1567.4921,4,1567.7143,1568.5601
ㄚ,1,1568.7619,1569.6032,2,1569.7596,1570.6122,3,1570.8027,1571.5624,4,1571.7732,1572.6553,5,1572.8821,1573.5873
ㄜ,1,1573.7506,1574.619,2,1574.7891,1575.6327,3,1575.7891,1576.5601,4,1576.7551,1577.5057
ㄞ,1,1577.6735,1578.4762,2,1578.6395,1579.4467,3,1579.6349,1580.4422,4,1580.6372,1581.424,5,1581.6032,1582.3583
ㄠ,1,1581.6032,1582.3583,2,1582.5397,1583.3401,3,1583.5057,1584.288,4,1584.4943,1585.2857
ㄛ,1,1585.4512,1586.1995,2,1586.3741,1587.1927,3,1587.3673,1588.1156,4,1588.3197,1589.1156
ㄢ,1,1589.3016,1590.127,2,1590.3107,1591.1701,3,1591.356,1592.1451,4,1592.3651,1593.1293
ㄣ,1,1593.3061,1594.2268,2,1594.4649,1595.2698,3,1595.424,1596.0748,4,1596.2789,1597.0204
ㄤ,1,1597.2018,1598.034,2,1598.2222,1599.0884,3,1599.2766,1600.034,4,1600.2585,1601.0249
ㄥ,1,1601.2086,1602.0635,2,1602.2426,1603.0431,3,1603.2336,1603.9751,4,1604.1746,1604.8821
ㄦ,1,1605.0363,1605.8345,2,1605.9977,1606.8345,3,1607.0249,1607.7891,4,1607.9751,1608.7664
ㄧ,1,1608.941,1609.7483,2,1609.9229,1610.7438,3,1610.932,1611.6712,4,1611.8662,1612.5601
ㄧㄚ,1,1612.7007,1613.5238,2,1613.6871,1614.5238,3,1614.7075,1615.4263,4,1615.6145,1616.3946
ㄧㄛ,1,1616.5737,1617.449,2,1617.5986,1618.4422,3,1618.6077,1619.3855,4,1619.5714,1620.3719
ㄧㄝ,1,1620.5306,1621.3129,2,1621.4649,1622.3152,3,1622.4921,1623.2834,4,1623.4898,1624.2653
ㄧㄞ,1,1624.4104,1625.2676,2,1625.4286,1626.3923,3,1626.5737,1627.3696,4,1627.5488,1628.3424
ㄧㄠ,1,1628.4898,1629.3469,2,1629.5102,1630.3946,3,1630.5782,1631.3923,4,1631.5918,1632.3878
ㄧㄡ,1,1632.5556,1633.424,2,1633.576,1634.4263,3,1634.6077,1635.4603,4,1635.6576,1636.4694
ㄧㄢ,1,1636.6327,1637.4853,2,1637.6508,1638.5057,3,1638.6803,1639.4649,4,1639.6644,1640.4422
ㄧㄣ,1,1640.61,1641.4331,2,1641.6032,1642.4535,3,1642.6531,1643.449,4,1643.6327,1644.3673
ㄧㄤ,1,1644.5397,1645.3991,2,1645.5397,1646.3673,3,1646.542,1647.3084,4,1647.4943,1648.2132
ㄧㄥ,1,1648.3492,1649.1565,2,1649.3152,1650.1383,3,1650.3061,1651.0181,4,1651.2018,1651.9524
ㄨ,1,1652.1134,1652.9274,2,1653.0816,1653.9433,3,1654.1202,1654.8617,4,1655.059,1655.8526
ㄨㄚ,1,1656.0181,1656.805,2,1656.9342,1657.7528,3,1657.9206,1658.7279,4,1658.9342,1659.6848
ㄨㄛ,1,1659.8322,1660.6372,2,1660.7778,1661.6327,3,1661.7846,1662.5533,4,1662.7143,1663.5442
ㄨㄞ,1,1663.7188,1664.5646,2,1664.6984,1665.4535,3,1665.6236,1666.3492,4,1666.5283,1667.3016
ㄨㄟ,1,1667.4739,1668.3129,2,1668.4807,1669.3016,3,1669.4898,1670.3175,4,1670.5215,1671.2744
ㄨㄢ,1,1671.4444,1672.3265,2,1672.4921,1673.3175,3,1673.4875,1674.2086,4,1674.3946,1675.1361
ㄨㄣ,1,1675.3061,1676.1701,2,1676.3537,1677.1859,3,1677.3673,1678.1088,4,1678.3084,1679.0748
ㄨㄤ,1,1679.2404,1680.1497,2,1680.3039,1681.0998,3,1681.2834,1682.0136,4,1682.2063,1682.932
ㄨㄥ,1,1683.0975,1684,2,1684.1587,1684.9705,3,1685.161,1685.9388,4,1686.1338,1686.9297
ㄩ,1,1687.0952,1687.9161,2,1688.0771,1688.9025,3,1689.0975,1689.8435,4,1690.0567,1690.839
ㄩㄝ,1,1691.0113,1691.9342,2,1692.102,1693.0068,3,1693.1882,1693.9705,4,1694.1746,1695.0499
ㄩㄢ,1,1695.2313,1696.1451,2,1696.288,1697.195,3,1697.3787,1698.1678,4,1698.3832,1699.1837
ㄩㄣ,1,1699.3515,1700.2472,2,1700.4127,1701.2744,3,1701.4603,1702.2381,4,1702.4399,1703.2381
ㄩㄥ,1,1703.4036,1704.3197,2,1704.4853,1705.3673,3,1705.576,1706.3719,4,1706.5737,1707.7302